0.001
10
-9,524 -5,989 -5,287 -1,123 -9,097 -9,704 2,917 2,942 -2,47 6,596 4,398 -8,653 -5,692 9,477 -1,857 -3,966 5,263 4,803 -4,384 -6,277 -65,82873
-2,645 6,963 8,167 -5,892 -7,008 -4,493 -2,198 3,204 -5,897 -7,968 -5,316 -5,204 6,468 -9,267 -1,285 -7,369 -4,24 -3,128 -6,22 -3,289 155,41341
4,658 -3,985 -9,876 -4,357 -6,005 -0,042 -0,647 5,515 6,264 4,706 0,116 -0,833 7,175 3,121 -2,952 -3,453 -5,231 7,911 4,789 -4,885 -164,95748
-6,573 4,564 -0,286 6,551 -2,16 8,744 9,428 -6,597 -0,497 -2,069 -8,164 7,012 -1,744 2,697 0,948 8,042 8,465 8,997 5,549 8,449 -17,25932
-2,162 -2,674 4,568 5,629 9,294 -2,388 -8,333 6,084 -9,009 -1,039 -1,009 -8,404 7,213 1,231 1,451 0,41 -0,908 6,155 1,214 -0,075 226,37656
-3,239 -3,225 -1,721 2,156 -1,081 -9,576 6,101 -1,496 -3,696 8,914 9,239 -3,334 -7,95 5,589 -2,761 5,146 -9,077 -1,454 1,132 7,761 -243,70707
-1,489 8,971 2,845 5,415 1,042 -8,534 9,497 -2,367 -0,627 -7,158 -5,664 -1,475 -4,424 -8,923 -9,449 -3,711 -6,527 0,375 -2,812 -4,434 132,04155
4,688 0,047 -0,249 4,931 5,164 5,642 -5,788 5,264 -1,831 -2,391 -9,918 2,163 -5,206 8,25 -2,196 5,434 6,74 7,876 8,958 6,604 -80,5388
6,931 6,072 4,904 8,141 6,474 4,512 -3,313 -1,143 7,45 8,171 -6,056 2,195 9,738 3,824 -1,076 -6,906 -9,515 5,879 -4,176 5,285 125,93826
-8,797 5,233 -5,746 6,361 -9,219 -7,173 2,747 0,855 -3,267 2,498 -1,77 -1,038 -3,292 7,757 3,975 4,848 6,789 8,69 -8,87 7,525 -155,95495