0.001
10
640.64 87.9 -55.0 22.74 -92.36 -90.3 97.17 -21.55 9.01 -16.67 11.85
55.97 807.77 -108.58 25.36 -8.25 109.31 -17.38 116.12 -50.28 142.39 -110.34
71.05 130.21 791.83 110.92 11.34 -111.45 64.18 -110.74 122.34 6.66 38.27
5.53 -4.82 -95.11 704.95 -112.64 41.98 38.56 132.46 38.16 -121.62 86.66
33.45 19.8 -57.26 120.19 678.18 -83.13 -144.66 43.83 12.4 -52.73 58.36
18.21 43.58 -96.33 2.14 34.97 701.86 32.05 22.77 111.13 -109.72 72.61
-101.08 3.58 -34.22 0.96 153.23 9.9 608.44 -69.68 -29.14 45.78 123.13
73.64 72.04 16.19 36.68 -106.78 167.27 -100.33 903.06 49.45 53.52 -61.04
96.95 129.91 160.07 119.02 -2.57 -98.55 -28.48 -189.01 1058.38 13.22 -78.06
-109.56 127.89 -2.93 -8.29 -90.33 26.46 -128.64 -55.59 -107.72 740.83 -58.22